Locus_1	207	0	0.05	
Locus_1	208	0	0.025	
Locus_1	212	0	0.025	
Locus_1	216	0	0.025	
Locus_1	223	0	0.025	
Locus_1	424	0	0.025	
Locus_1	425	0	0.025	
Locus_1	426	0	0.025	
Locus_1	427	0.03125	0	
Locus_1	429	0.03125	0	
Locus_1	430	0.03125	0	
Locus_1	431	0.03125	0	
Locus_1	434	0.03125	0	
Locus_1	435	0.03125	0.025	
Locus_1	436	0	0.025	
Locus_1	439	0	0.025	
Locus_1	440	0	0.05	
Locus_1	441	0	0.075	
Locus_1	442	0	0.025	
Locus_1	475	0	0.025	
Locus_1	476	0	0.025	
Locus_1	481	0	0.05	
Locus_1	485	0	0.025	
Locus_1	486	0.03125	0	
Locus_1	489	0	0.025	
Locus_1	490	0	0.05	
Locus_1	492	0	0.025	
Locus_1	493	0	0.025	
Locus_1	494	0	0.025	
Locus_1	501	0	0.025	
Locus_1	506	0	0.025	
Locus_1	514	0.03125	0	
Locus_1	535	0.03125	0	
Locus_1	536	0.03125	0	
Locus_1	537	0.03125	0	
Locus_1	546	0.03125	0	
Locus_1	556	0	0.025	
Locus_1	559	0	0.025	
Locus_1	561	0	0.025	
Locus_1	563	0	0.025	
Locus_1	579	0	0.025	
Locus_1	580	0	0.025	
Locus_1	587	0.09375	0	
Locus_1	592	0.03125	0	
Locus_1	594	0.0625	0	
Locus_1	596	0.03125	0	
Locus_1	597	0.03125	0	
Locus_1	598	0.03125	0	
Locus_1	600	0.0625	0	
Locus_1	603	0.03125	0	
Locus_1	606	0.03125	0	
Locus_1	607	0.03125	0	
Locus_1	628	0.03125	0	
Locus_1	632	0.03125	0.025	
Locus_1	634	0.03125	0	
Locus_1	635	0.09375	0	
Locus_1	639	0	0.025	
Locus_1	640	0	0.025	
Locus_2	204	0	0.025	
Locus_2	206	0.03125	0	
Locus_2	207	0	0.025	
Locus_2	210	0	0.05	
Locus_2	211	0	0.025	
Locus_2	231	0	0.025	
Locus_2	233	0	0.025	
Locus_2	237	0	0.025	
Locus_2	238	0	0.025	
Locus_2	240	0.03125	0.025	
Locus_2	241	0	0.025	
Locus_2	243	0	0.025	
Locus_2	244	0	0.05	
Locus_2	245	0	0.05	
Locus_2	246	0.0625	0	
Locus_2	247	0.0625	0	
Locus_2	248	0	0.05	
Locus_2	249	0	0.025	
Locus_2	250	0.0625	0	
Locus_2	251	0.03125	0	
Locus_2	262	0	0.025	
Locus_2	286	0.03125	0	
Locus_2	287	0	0.025	
Locus_2	292	0	0.025	
Locus_2	293	0	0.025	
Locus_2	300	0.0625	0	
Locus_2	301	0.03125	0.05	
Locus_2	302	0.03125	0.05	
Locus_2	304	0	0.025	
Locus_2	307	0.03125	0	
Locus_2	308	0	0.05	
Locus_2	309	0.03125	0.1	
Locus_2	313	0	0.025	
Locus_2	343	0.03125	0	
Locus_2	365	0.03125	0	
Locus_2	366	0.03125	0	
Locus_2	367	0.03125	0	
Locus_2	370	0.03125	0	
Locus_2	384	0.0625	0	
Locus_2	387	0.03125	0	
Locus_2	390	0.03125	0	
Locus_2	393	0.03125	0	
Locus_2	395	0.03125	0	
Locus_2	396	0.03125	0	
Locus_2	398	0.03125	0	
Locus_2	402	0.03125	0	
Locus_2	472	0	0.025	
Locus_2	475	0	0.025	
Locus_2	476	0	0.025	
Locus_2	477	0	0.025	
Locus_2	478	0	0.025	
Locus_2	96	0.03125	0	
Locus_2	97	0.03125	0	
Locus_3	1117	0.03125	0	
Locus_3	1121	0.0625	0	
Locus_3	1122	0.09375	0	
Locus_3	1123	0	0.05	
Locus_3	1127	0	0.15	
Locus_3	1128	0.03125	0.025	
Locus_3	1132	0.03125	0	
Locus_3	1133	0	0.025	
Locus_3	1138	0.09375	0	
Locus_3	1139	0.03125	0	
Locus_3	1141	0.0625	0	
Locus_3	1146	0.03125	0	
Locus_3	1149	0.03125	0	
Locus_3	185	0.03125	0	
Locus_3	186	0.03125	0	
Locus_3	191	0.03125	0	
Locus_3	193	0.03125	0	
Locus_3	294	0	0.05	
Locus_3	295	0.03125	0	
Locus_3	333	0.03125	0	
Locus_3	337	0.03125	0	
Locus_3	339	0.0625	0	
Locus_3	340	0.03125	0	
Locus_3	342	0	0.025	
Locus_3	345	0	0.025	
Locus_3	348	0	0.025	
Locus_3	349	0	0.025	
Locus_3	350	0	0.025	
Locus_3	351	0	0.025	
Locus_3	353	0	0.05	
Locus_3	355	0	0.025	
Locus_3	455	0.03125	0	
Locus_3	458	0.03125	0	
Locus_3	463	0.03125	0	
Locus_3	464	0.03125	0	
Locus_3	468	0.03125	0	
Locus_3	575	0	0.025	
Locus_3	577	0	0.025	
Locus_3	578	0	0.025	
Locus_3	591	0.03125	0.05	
Locus_3	592	0	0.025	
Locus_3	646	0	0.025	
Locus_3	649	0	0.025	
Locus_3	652	0	0.025	
Locus_3	655	0	0.05	
Locus_3	656	0	0.025	
Locus_3	657	0	0.025	
Locus_3	658	0	0.075	
Locus_3	661	0	0.025	
Locus_3	662	0	0.025	
Locus_3	665	0	0.025	
Locus_4	431	0.03125	0	
Locus_4	434	0.03125	0	
Locus_4	438	0.03125	0	
Locus_4	446	0.03125	0	
Locus_4	450	0.03125	0	
Locus_4	451	0.03125	0	
Locus_4	454	0.0625	0	
Locus_4	456	0.03125	0	
Locus_4	462	0	0.025	
Locus_4	464	0.03125	0	
Locus_4	467	0	0.025	
Locus_4	468	0	0.05	
Locus_4	469	0	0.025	
Locus_4	470	0	0.05	
Locus_4	472	0	0.025	
Locus_4	473	0	0.025	
Locus_4	474	0	0.075	
Locus_4	475	0	0.05	
Locus_4	476	0.0625	0	
Locus_4	478	0	0.025	
Locus_4	479	0	0.025	
Locus_4	481	0	0.025	
Locus_4	483	0	0.05	
Locus_4	486	0.03125	0	
Locus_4	487	0.03125	0	
Locus_4	488	0.03125	0	
Locus_4	489	0.0625	0.025	
Locus_4	491	0	0.025	
Locus_4	493	0	0.025	
Locus_4	496	0	0.025	
Locus_4	501	0	0.025	
Locus_4	506	0	0.05	
Locus_4	510	0.03125	0	
Locus_4	516	0	0.025	
Locus_4	689	0.03125	0	
Locus_4	696	0.03125	0	
Locus_4	715	0.03125	0	
Locus_4	718	0.03125	0	
Locus_4	719	0.09375	0	
Locus_4	720	0.03125	0.025	
Locus_4	722	0.03125	0.025	
Locus_4	724	0	0.025	
Locus_4	726	0.03125	0.05	
Locus_4	727	0	0.025	
Locus_4	730	0	0.025	
Locus_4	732	0	0.025	
Locus_4	747	0.03125	0	
Locus_4	748	0	0.025	
Locus_4	749	0.03125	0	
Locus_4	751	0	0.025	
Locus_4	752	0.03125	0	
Locus_4	756	0.03125	0	
Locus_4	774	0	0.025	
Locus_4	775	0	0.05	
Locus_5	283	0.03125	0	
Locus_5	284	0.03125	0	
Locus_5	286	0.0625	0	
Locus_5	289	0.03125	0	
Locus_5	291	0	0.025	
Locus_5	297	0	0.05	
Locus_5	298	0	0.025	
Locus_5	299	0	0.05	
Locus_5	300	0	0.05	
Locus_5	302	0.03125	0	
Locus_5	304	0	0.025	
Locus_5	305	0	0.025	
Locus_5	306	0.03125	0.025	
Locus_5	312	0	0.025	
Locus_5	315	0.03125	0.025	
Locus_5	317	0	0.025	
Locus_5	318	0	0.025	
Locus_5	320	0	0.05	
Locus_5	321	0	0.025	
Locus_5	322	0.03125	0.025	
Locus_5	502	0	0.025	
Locus_5	503	0	0.025	
Locus_5	525	0	0.05	
Locus_5	527	0	0.05	
Locus_5	529	0.0625	0.025	
Locus_5	530	0.0625	0	
Locus_5	531	0.03125	0	
Locus_5	533	0	0.025	
Locus_5	535	0	0.025	
Locus_5	537	0.03125	0	
Locus_5	612	0.03125	0	
Locus_5	614	0.03125	0	
Locus_5	615	0.03125	0	
Locus_5	616	0.03125	0	
Locus_5	624	0.03125	0	
Locus_5	629	0.03125	0	
Locus_5	831	0.03125	0	
Locus_5	833	0.0625	0	
Locus_5	836	0.03125	0	
Locus_5	839	0	0.025	
Locus_5	843	0.03125	0.025	
Locus_5	847	0	0.025	
Locus_5	848	0.03125	0	
Locus_5	849	0	0.025	
Locus_5	850	0	0.025	
Locus_5	851	0	0.025	
Locus_5	852	0.03125	0	
Locus_5	853	0.03125	0	
Locus_5	854	0	0.025	
Locus_5	855	0	0.025	
Locus_5	856	0	0.025	
Locus_5	857	0.03125	0	
Locus_5	859	0.03125	0	
Locus_5	860	0	0.025	
Locus_5	861	0	0.025	
Locus_5	864	0	0.025	
Locus_5	865	0.03125	0	
Locus_6	126	0.03125	0	
Locus_6	134	0.0625	0	
Locus_6	135	0.03125	0	
Locus_6	137	0.0625	0	
Locus_6	190	0	0.025	
Locus_6	191	0	0.025	
Locus_6	192	0	0.025	
Locus_6	193	0	0.05	
Locus_6	205	0	0.025	
Locus_6	211	0.03125	0	
Locus_6	213	0.03125	0	
Locus_6	214	0.03125	0	
Locus_6	321	0.0625	0	
Locus_6	323	0.03125	0	
Locus_6	326	0.03125	0	
Locus_6	329	0	0.05	
Locus_6	348	0.03125	0	
Locus_6	349	0.03125	0	
Locus_6	353	0.03125	0	
Locus_6	354	0.03125	0	
Locus_6	355	0.03125	0	
Locus_6	357	0.03125	0	
Locus_6	363	0.03125	0	
Locus_6	370	0.03125	0	
Locus_6	380	0.03125	0	
Locus_6	443	0	0.05	
Locus_6	447	0	0.025	
Locus_6	452	0	0.025	
Locus_6	457	0	0.025	
Locus_6	458	0	0.025	
Locus_6	459	0	0.025	
Locus_6	460	0.03125	0.025	
Locus_6	461	0.03125	0.05	
Locus_6	462	0.0625	0.05	
Locus_6	463	0.03125	0.05	
Locus_6	464	0	0.025	
Locus_6	467	0.03125	0	
Locus_6	468	0	0.025	
Locus_6	469	0	0.025	
Locus_6	476	0	0.025	
Locus_6	481	0	0.025	
Locus_6	482	0	0.075	
Locus_6	483	0.03125	0.05	
Locus_6	484	0	0.05	
Locus_6	485	0	0.1	
Locus_6	486	0	0.025	
Locus_6	489	0.03125	0	
Locus_6	490	0	0.025	
Locus_6	497	0.03125	0	
Locus_6	499	0.03125	0	
Locus_7	-102	0.03125	0	
Locus_7	-103	0.09375	0	
Locus_7	-62	0.03125	0	
Locus_7	-64	0.03125	0	
Locus_7	-67	0.03125	0	
Locus_7	-71	0.0625	0	
Locus_7	-74	0.03125	0	
Locus_7	-76	0.03125	0	
Locus_7	-79	0	0.025	
Locus_7	-82	0.03125	0.025	
Locus_7	-84	0	0.025	
Locus_7	-85	0.03125	0.025	
Locus_7	-86	0.0625	0	
Locus_7	-87	0	0.025	
Locus_7	-91	0	0.05	
Locus_7	-92	0	0.025	
Locus_7	-93	0.03125	0.025	
Locus_7	-94	0.03125	0.05	
Locus_7	-95	0.0625	0	
Locus_7	-96	0.03125	0.1	
Locus_7	-97	0	0.025	
Locus_7	-98	0	0.025	
Locus_7	258	0.0625	0	
Locus_7	260	0.03125	0	
Locus_7	261	0.0625	0	
Locus_7	263	0	0.025	
Locus_7	264	0.03125	0	
Locus_7	278	0	0.025	
Locus_7	280	0	0.075	
Locus_7	282	0	0.025	
Locus_7	286	0.03125	0.025	
Locus_7	338	0	0.025	
Locus_7	343	0	0.025	
Locus_7	345	0.03125	0.025	
Locus_7	349	0	0.025	
Locus_7	355	0	0.025	
Locus_7	356	0	0.125	
Locus_7	357	0	0.05	
Locus_7	358	0	0.025	
Locus_7	359	0.03125	0.025	
Locus_7	360	0	0.025	
Locus_7	361	0	0.025	
Locus_7	369	0.03125	0	
Locus_7	370	0.03125	0	
Locus_7	375	0.03125	0	
Locus_8	361	0.03125	0	
Locus_8	364	0.03125	0	
Locus_8	465	0	0.025	
Locus_8	466	0	0.025	
Locus_8	467	0	0.025	
Locus_8	468	0	0.05	
Locus_8	469	0	0.025	
Locus_8	470	0	0.025	
Locus_8	473	0	0.05	
Locus_8	477	0.03125	0	
Locus_8	480	0	0.025	
Locus_8	481	0.03125	0.05	
Locus_8	482	0	0.05	
Locus_8	483	0	0.125	
Locus_8	484	0	0.025	
Locus_8	485	0	0.025	
Locus_8	488	0	0.025	
Locus_8	491	0.0625	0	
Locus_8	492	0	0.025	
Locus_8	494	0.03125	0	
Locus_8	495	0.03125	0.1	
Locus_8	496	0	0.125	
Locus_8	498	0.03125	0	
Locus_8	502	0	0.025	
Locus_8	504	0.03125	0.025	
Locus_8	505	0	0.05	
Locus_8	510	0	0.025	
Locus_8	514	0	0.025	
Locus_8	517	0	0.025	
Locus_8	519	0.0625	0	
Locus_8	521	0.0625	0	
Locus_8	523	0.03125	0	
Locus_8	526	0.03125	0	
Locus_8	531	0.03125	0	
Locus_8	532	0.09375	0	
Locus_8	533	0.125	0	
Locus_8	534	0.09375	0	
Locus_8	535	0.03125	0.025	
Locus_8	537	0.03125	0	
Locus_8	539	0.03125	0	
Locus_8	540	0.0625	0	
Locus_9	496	0	0.05	
Locus_9	498	0	0.05	
Locus_9	506	0	0.025	
Locus_9	507	0.03125	0.025	
Locus_9	508	0	0.025	
Locus_9	509	0	0.025	
Locus_9	519	0.03125	0	
Locus_9	520	0	0.025	
Locus_9	522	0	0.05	
Locus_9	523	0	0.025	
Locus_9	524	0	0.025	
Locus_9	526	0	0.05	
Locus_9	527	0	0.075	
Locus_9	528	0	0.025	
Locus_9	529	0	0.025	
Locus_9	532	0	0.025	
Locus_9	535	0	0.025	
Locus_9	536	0.03125	0	
Locus_9	537	0.03125	0.025	
Locus_9	538	0.0625	0	
Locus_9	539	0.0625	0	
Locus_9	540	0.0625	0	
Locus_9	541	0.03125	0.05	
Locus_9	542	0.09375	0	
Locus_9	544	0.03125	0.025	
Locus_9	545	0.0625	0.075	
Locus_9	546	0	0.025	
Locus_9	547	0.0625	0	
Locus_9	548	0.0625	0	
Locus_9	551	0.03125	0	
Locus_9	553	0.03125	0	
Locus_9	643	0.03125	0	
Locus_9	648	0.03125	0	
Locus_9	725	0	0.025	
Locus_9	726	0	0.05	
Locus_9	728	0	0.025	
Locus_9	729	0	0.025	
Locus_9	730	0	0.025	
Locus_9	731	0.03125	0	
Locus_9	732	0.03125	0.025	
Locus_9	733	0.03125	0	
Locus_9	734	0.03125	0.025	
Locus_9	736	0	0.05	
Locus_9	740	0.03125	0	
Locus_9	745	0.03125	0	
Locus_9	750	0.03125	0	
Locus_10	1033	0	0.025	
Locus_10	1035	0	0.05	
Locus_10	1039	0	0.025	
Locus_10	1050	0	0.025	
Locus_10	1056	0	0.025	
Locus_10	1061	0	0.025	
Locus_10	1300	0	0.025	
Locus_10	1302	0	0.025	
Locus_10	1306	0	0.075	
Locus_10	1308	0.03125	0	
Locus_10	1309	0.03125	0	
Locus_10	1310	0	0.025	
Locus_10	1398	0	0.05	
Locus_10	1402	0	0.025	
Locus_10	1403	0.03125	0.025	
Locus_10	1405	0.03125	0	
Locus_10	1411	0.03125	0	
Locus_10	1416	0.03125	0.025	
Locus_10	1418	0	0.025	
Locus_10	1419	0	0.025	
Locus_10	1421	0	0.025	
Locus_10	1422	0.03125	0	
Locus_10	1426	0.03125	0	
Locus_10	1428	0.09375	0	
Locus_10	1430	0.03125	0	
Locus_10	1431	0.0625	0	
Locus_10	1436	0	0.025	
Locus_10	1440	0.0625	0	
Locus_10	1441	0.03125	0	
Locus_10	1454	0.03125	0	
Locus_10	1459	0.03125	0	
Locus_10	1461	0.03125	0	
Locus_10	1468	0.0625	0	
Locus_10	1611	0.03125	0	
Locus_10	1612	0.03125	0	
Locus_10	1613	0.0625	0.075	
Locus_10	1615	0.03125	0	
Locus_10	1617	0	0.05	
Locus_10	1619	0	0.025	
Locus_10	1621	0	0.025	
Locus_10	1622	0.03125	0	
Locus_10	1623	0.03125	0.025	
Locus_10	1626	0	0.025	
Locus_10	1627	0	0.05	
Locus_10	1628	0.03125	0	
Locus_10	1630	0.03125	0.025	
Locus_10	1632	0.03125	0.05	
Locus_10	1634	0	0.025	
Locus_10	1635	0	0.025	
Locus_10	1692	0	0.025	
Locus_10	1699	0	0.025	
