Locus_1	454	0.03125	0	
Locus_1	455	0.0625	0	
Locus_1	456	0.03125	0	
Locus_1	458	0.03125	0	
Locus_1	460	0.15625	0	
Locus_1	462	0.09375	0	
Locus_1	463	0.03125	0	
Locus_1	464	0.125	0	
Locus_1	465	0.0625	0	
Locus_1	466	0.03125	0	
Locus_1	467	0.03125	0	
Locus_1	469	0.03125	0	
Locus_1	472	0.03125	0	
Locus_1	476	0	0.05	
Locus_1	477	0.0625	0	
Locus_1	478	0	0.025	
Locus_1	479	0	0.05	
Locus_1	480	0	0.025	
Locus_1	482	0.03125	0.05	
Locus_1	483	0	0.025	
Locus_1	485	0	0.075	
Locus_1	486	0.0625	0	
Locus_1	487	0	0.025	
Locus_1	489	0	0.025	
Locus_1	492	0	0.025	
Locus_1	493	0	0.025	
Locus_1	494	0	0.025	
Locus_1	495	0	0.025	
Locus_1	497	0	0.05	
Locus_1	499	0	0.025	
Locus_1	501	0.03125	0.025	
Locus_1	502	0	0.075	
Locus_1	503	0	0.125	
Locus_1	504	0	0.075	
Locus_1	505	0	0.075	
Locus_1	506	0	0.025	
Locus_1	507	0	0.025	
Locus_1	508	0.03125	0.025	
Locus_1	513	0	0.025	
Locus_1	521	0.03125	0	
Locus_2	497	0.03125	0	
Locus_2	499	0.0625	0	
Locus_2	500	0.125	0	
Locus_2	501	0.0625	0	
Locus_2	504	0.0625	0	
Locus_2	506	0.03125	0	
Locus_2	510	0.09375	0	
Locus_2	511	0.03125	0	
Locus_2	513	0.0625	0	
Locus_2	515	0.09375	0	
Locus_2	516	0.0625	0	
Locus_2	519	0.03125	0	
Locus_2	520	0.0625	0	
Locus_2	521	0	0.05	
Locus_2	522	0.03125	0.025	
Locus_2	523	0.03125	0	
Locus_2	524	0	0.025	
Locus_2	525	0	0.025	
Locus_2	526	0.0625	0.075	
Locus_2	527	0	0.025	
Locus_2	529	0	0.025	
Locus_2	530	0.03125	0	
Locus_2	531	0	0.1	
Locus_2	532	0	0.125	
Locus_2	533	0	0.075	
Locus_2	534	0	0.05	
Locus_2	535	0.03125	0.125	
Locus_2	536	0	0.1	
Locus_2	538	0	0.05	
Locus_2	540	0	0.025	
Locus_2	542	0	0.1	
Locus_3	483	0.03125	0	
Locus_3	494	0.03125	0	
Locus_3	495	0.03125	0	
Locus_3	496	0.09375	0	
Locus_3	499	0.0625	0	
Locus_3	504	0.125	0	
Locus_3	505	0.0625	0	
Locus_3	507	0.0625	0	
Locus_3	508	0.0625	0	
Locus_3	509	0.0625	0	
Locus_3	510	0.03125	0	
Locus_3	511	0.03125	0	
Locus_3	512	0.0625	0	
Locus_3	515	0.03125	0	
Locus_3	517	0.03125	0	
Locus_3	519	0.03125	0	
Locus_3	521	0.03125	0	
Locus_3	523	0	0.025	
Locus_3	524	0.03125	0.05	
Locus_3	525	0.0625	0.025	
Locus_3	527	0	0.05	
Locus_3	528	0.03125	0.15	
Locus_3	529	0	0.05	
Locus_3	530	0	0.1	
Locus_3	531	0	0.025	
Locus_3	532	0	0.1	
Locus_3	533	0	0.1	
Locus_3	537	0	0.025	
Locus_3	541	0	0.025	
Locus_3	542	0	0.025	
Locus_3	543	0	0.025	
Locus_3	544	0	0.15	
Locus_3	548	0	0.025	
Locus_3	549	0	0.05	
Locus_4	496	0	0.025	
Locus_4	498	0	0.1	
Locus_4	499	0	0.15	
Locus_4	500	0	0.05	
Locus_4	501	0	0.075	
Locus_4	502	0	0.1	
Locus_4	503	0	0.05	
Locus_4	504	0	0.075	
Locus_4	505	0	0.05	
Locus_4	506	0	0.05	
Locus_4	507	0	0.05	
Locus_4	517	0	0.025	
Locus_4	520	0	0.05	
Locus_4	525	0	0.025	
Locus_4	528	0	0.05	
Locus_4	529	0	0.05	
Locus_4	530	0	0.025	
Locus_4	669	0.0625	0	
Locus_4	671	0.03125	0	
Locus_4	672	0.03125	0	
Locus_4	682	0.03125	0	
Locus_4	685	0.03125	0	
Locus_4	686	0.0625	0	
Locus_4	688	0.0625	0	
Locus_4	689	0.0625	0	
Locus_4	690	0.09375	0	
Locus_4	691	0.03125	0	
Locus_4	692	0.03125	0	
Locus_4	693	0.03125	0	
Locus_4	695	0.09375	0	
Locus_4	696	0.03125	0	
Locus_4	697	0.0625	0	
Locus_4	701	0.0625	0	
Locus_4	704	0.0625	0	
Locus_4	705	0.0625	0	
Locus_4	706	0.0625	0	
Locus_5	518	0.03125	0	
Locus_5	519	0.03125	0	
Locus_5	521	0.03125	0	
Locus_5	522	0.03125	0	
Locus_5	526	0.03125	0	
Locus_5	530	0.0625	0	
Locus_5	534	0.03125	0	
Locus_5	535	0.03125	0	
Locus_5	536	0.03125	0	
Locus_5	537	0.0625	0	
Locus_5	538	0.0625	0	
Locus_5	539	0.0625	0	
Locus_5	540	0.03125	0	
Locus_5	542	0.0625	0	
Locus_5	543	0.125	0	
Locus_5	544	0.0625	0	
Locus_5	545	0.125	0	
Locus_5	549	0.03125	0	
Locus_5	551	0.0625	0	
Locus_5	574	0	0.025	
Locus_5	575	0	0.025	
Locus_5	576	0	0.025	
Locus_5	577	0	0.05	
Locus_5	578	0	0.025	
Locus_5	579	0	0.05	
Locus_5	580	0	0.175	
Locus_5	581	0	0.125	
Locus_5	582	0	0.2	
Locus_5	583	0	0.125	
Locus_5	584	0	0.05	
Locus_5	585	0	0.025	
Locus_5	589	0	0.025	
Locus_5	590	0	0.025	
Locus_5	594	0	0.025	
Locus_5	595	0	0.025	
Locus_6	486	0.03125	0	
Locus_6	488	0.03125	0	
Locus_6	491	0.03125	0	
Locus_6	495	0.03125	0.025	
Locus_6	496	0	0.05	
Locus_6	497	0	0.1	
Locus_6	498	0	0.025	
Locus_6	500	0	0.025	
Locus_6	501	0.03125	0.125	
Locus_6	502	0.21875	0.05	
Locus_6	503	0	0.05	
Locus_6	504	0.0625	0.125	
Locus_6	505	0	0.125	
Locus_6	506	0.0625	0.1	
Locus_6	507	0	0.125	
Locus_6	508	0.03125	0.075	
Locus_6	509	0.09375	0	
Locus_6	511	0.09375	0	
Locus_6	512	0.0625	0	
Locus_6	519	0.03125	0	
Locus_6	525	0.03125	0	
Locus_6	528	0.03125	0	
Locus_6	531	0.03125	0	
Locus_6	532	0.03125	0	
Locus_6	533	0.03125	0	
Locus_6	534	0.03125	0	
Locus_7	485	0.03125	0	
Locus_7	486	0.03125	0.025	
Locus_7	487	0	0.05	
Locus_7	488	0.03125	0	
Locus_7	489	0.0625	0	
Locus_7	490	0.09375	0.075	
Locus_7	491	0.15625	0	
Locus_7	492	0.03125	0.025	
Locus_7	493	0.0625	0	
Locus_7	494	0.0625	0	
Locus_7	496	0.03125	0.025	
Locus_7	501	0	0.05	
Locus_7	502	0	0.075	
Locus_7	503	0	0.15	
Locus_7	504	0	0.05	
Locus_7	505	0	0.075	
Locus_7	506	0	0.175	
Locus_7	507	0.0625	0.025	
Locus_7	508	0	0.05	
Locus_7	509	0.03125	0.05	
Locus_7	510	0.03125	0	
Locus_7	511	0	0.05	
Locus_7	512	0	0.025	
Locus_7	513	0.03125	0	
Locus_7	514	0	0.025	
Locus_7	515	0.03125	0	
Locus_7	517	0.125	0	
Locus_7	519	0.09375	0	
Locus_8	488	0.03125	0	
Locus_8	489	0.0625	0	
Locus_8	490	0.03125	0	
Locus_8	491	0.125	0	
Locus_8	492	0.0625	0	
Locus_8	494	0.03125	0	
Locus_8	495	0.03125	0	
Locus_8	496	0.0625	0	
Locus_8	497	0.125	0	
Locus_8	498	0.0625	0	
Locus_8	499	0.15625	0	
Locus_8	500	0.0625	0	
Locus_8	501	0.03125	0.025	
Locus_8	502	0.03125	0	
Locus_8	503	0.03125	0	
Locus_8	504	0	0.05	
Locus_8	505	0.0625	0.075	
Locus_8	507	0	0.05	
Locus_8	508	0	0.05	
Locus_8	509	0	0.075	
Locus_8	510	0	0.075	
Locus_8	511	0	0.15	
Locus_8	512	0	0.05	
Locus_8	513	0	0.025	
Locus_8	514	0	0.025	
Locus_8	515	0	0.05	
Locus_8	516	0	0.075	
Locus_8	517	0	0.15	
Locus_8	518	0	0.075	
Locus_9	451	0	0.025	
Locus_9	452	0	0.05	
Locus_9	455	0	0.075	
Locus_9	457	0	0.15	
Locus_9	458	0	0.125	
Locus_9	459	0	0.175	
Locus_9	460	0	0.025	
Locus_9	461	0	0.1	
Locus_9	462	0	0.1	
Locus_9	463	0	0.025	
Locus_9	468	0	0.05	
Locus_9	469	0	0.075	
Locus_9	470	0	0.025	
Locus_9	500	0.03125	0	
Locus_9	503	0.03125	0	
Locus_9	505	0.09375	0	
Locus_9	507	0.09375	0	
Locus_9	508	0.09375	0	
Locus_9	510	0.03125	0	
Locus_9	514	0.03125	0	
Locus_9	515	0.0625	0	
Locus_9	516	0.0625	0	
Locus_9	517	0.09375	0	
Locus_9	518	0.03125	0	
Locus_9	520	0.0625	0	
Locus_9	525	0.0625	0	
Locus_9	526	0.03125	0	
Locus_9	529	0.03125	0	
Locus_9	530	0.03125	0	
Locus_9	531	0.03125	0	
Locus_9	539	0.03125	0	
Locus_9	540	0.03125	0	
Locus_9	541	0.03125	0	
Locus_10	464	0	0.025	
Locus_10	466	0	0.05	
Locus_10	468	0	0.025	
Locus_10	469	0	0.05	
Locus_10	470	0	0.025	
Locus_10	473	0	0.05	
Locus_10	474	0	0.125	
Locus_10	476	0	0.05	
Locus_10	478	0	0.125	
Locus_10	479	0	0.025	
Locus_10	480	0	0.025	
Locus_10	481	0	0.025	
Locus_10	483	0	0.05	
Locus_10	484	0	0.1	
Locus_10	485	0	0.025	
Locus_10	487	0	0.025	
Locus_10	488	0	0.025	
Locus_10	489	0	0.05	
Locus_10	491	0	0.05	
Locus_10	492	0	0.025	
Locus_10	494	0	0.05	
Locus_10	520	0.0625	0	
Locus_10	521	0.09375	0	
Locus_10	523	0.03125	0	
Locus_10	525	0.09375	0	
Locus_10	535	0.03125	0	
Locus_10	536	0.0625	0	
Locus_10	537	0.03125	0	
Locus_10	538	0.03125	0	
Locus_10	539	0.03125	0	
Locus_10	540	0.0625	0	
Locus_10	541	0.09375	0	
Locus_10	542	0.09375	0	
Locus_10	543	0.125	0	
Locus_10	545	0.09375	0	
Locus_10	550	0.0625	0	
