Locus_1	103	0.03125	0	
Locus_1	104	0.0625	0.175	
Locus_1	105	0.03125	0	
Locus_1	106	0.8125	0.25	
Locus_1	108	0.0625	0.575	
Locus_2	75	0	0.65	
Locus_2	76	0.21875	0.25	
Locus_2	77	0.71875	0.1	
Locus_2	83	0.0625	0	
Locus_3	67	1	0.8	
Locus_3	68	0	0.05	
Locus_3	69	0	0.05	
Locus_3	70	0	0.1	
Locus_4	113	0.96875	0.8	
Locus_4	114	0	0.1	
Locus_4	120	0	0.025	
Locus_4	121	0.03125	0.075	
Locus_5	100	0.625	0.4	
Locus_5	102	0.03125	0	
Locus_5	95	0	0.05	
Locus_5	97	0.15625	0	
Locus_5	98	0.09375	0	
Locus_5	99	0.09375	0.55	
Locus_6	100	0.1875	0.175	
Locus_6	102	0	0.075	
Locus_6	103	0	0.1	
Locus_6	104	0	0.325	
Locus_6	97	0.78125	0.325	
Locus_6	98	0.03125	0	
Locus_7	105	0	0.2	
Locus_7	108	0.75	0.05	
Locus_7	109	0	0.1	
Locus_7	110	0	0.075	
Locus_7	112	0.03125	0.325	
Locus_7	113	0.0625	0.1	
Locus_7	116	0.03125	0.075	
Locus_7	119	0.09375	0	
Locus_7	120	0	0.075	
Locus_7	121	0.03125	0	
Locus_8	105	0	0.025	
Locus_8	90	0	0.25	
Locus_8	91	0.03125	0.6	
Locus_8	92	0.25	0.1	
Locus_8	93	0.40625	0	
Locus_8	94	0.03125	0.025	
Locus_8	95	0.0625	0	
Locus_8	96	0.125	0	
Locus_8	97	0.09375	0	
Locus_9	78	0.03125	0.3	
Locus_9	79	0.34375	0.675	
Locus_9	80	0.59375	0.025	
Locus_9	81	0.03125	0	
Locus_10	93	0	0.425	
Locus_10	94	0.96875	0.575	
Locus_10	95	0.03125	0	
